# 0x68c:VCMU
256 360221001500fd01c1087e001500f601f601000030303030303030303030303030383135
257 0100a50014170a1e000f1f1b3600000000000000000000000000000000000000000000000000000000000000000000000000000000000000000000000000000000000000000000000000000000000000000000000000000000000000000000000000000000000000000000000000000000000000000000000000
258 0a00b00014170b12050f1b0e3600b00014170b12050f170f3600b00014170b11041406103600b00014170b11041403103600b00014170b0f020f17043600b00014170b0f020f122b3600b00014170b0e010729193600b00014170b0e0107243b3600b00014170b0d000718053600b00014170b0d0007130a3600
259 0000000000000000000000000000000000000000000000000000000000000000000000000000000000000000000000000000000000000000000000000000000000000000000000000000000000000000000000000000000000000000000000000000000000000000000000000000000000000000000000000000
260 0a00870014170b12050f1b0e3600870014170b12050f170f3600870014170b11041406103600870014170b11041403103600870014170b0f020f17043600870014170b0f020f122b3600870014170b0e010729193600870014170b0e0107243b3600870014170b0d000718053600870014170b0d0007130a3600
261 0000000000000000000000000000000000000000000000000000000000000000000000000000000000000000000000000000000000000000000000000000000000000000000000000000000000000000000000000000000000000000000000000000000000000000000000000000000000000000000000000000
262 0000000000000000000000000000000000000000000000000000000000000000000000000000000000000000000000000000000000000000000000000000000000000000000000000000000000000000000000000000000000000000000000000000000000000000000000000000000000000000000000000000
263 0000000000000000000000000000000000000000000000000000000000000000000000000000000000000000000000000000000000000000000000000000000000000000000000000000000000000000000000000000000000000000000000000000000000000000000000000000000000000000000000000000
264 0100010064001417071a020e29340100000000000000000000000000000000000000000000000000000000000000000000000000000000000000000000000000000000000000000000000000000000000000000000000000000000000000000000000000000000000000000000000000000000000000000000000000
265 0000000000000000000000000000000000000000000000000000000000000000000000000000000000000000000000000000000000000000000000000000000000000000000000000000000000000000000000000000000000000000000000000000000000000000000000000000000000000000000000000000
266 0a00a503f30314170b12050e3a203600f30314170b12050e38363600f30314170b12050e2f163600f30314170b12050e2f0e3600f30314170b12050d2c093600f30314170b12050d2b3b3600f30314170b12050d2b2f3600f30314170b12050d2a313600f30314170b12050d2a113600f30314170b12050d27263600
320 1b000000ffff100000
321 7e000000ffff7a0000
322 ed010a014204e00100
323 008000800000008004
324 49025c00c2033f0200
325 ab058800f80aab0500
354 00
355 7a010000ffff6b0100
377 30303030303030303030303030383135
388 13
389 13
390 11
391 11
505 120b17
506 12090c
576 1a0717
580 1500fd01c1087e00
581 1500f601f6010000
901 00
902 00
928 30303030303030303030303030383135
954 02360221001500fd01c1087e001500f601f6010000303030303030303030303030303831352d0828002700fc01020000002700f8010200005530303030303030303030303030303030000000000000000000000000000000000000000000000000000000000000000000000000000000000000000000000000000000000000000000000000000000000000000000000000000000000000000000000000000000000000000000000000000000000000000000000000
961 0100
962 1500fd0164000300
964 01
1166 0000000000
1239 0000
1469 00ffffffffffffffffffffffffffffffffffffffffffffffffffffffffffff
1553 2100a901be080500
1595 1f00f40176092c00
1710 15003400bf080300
1768 008000800000008004
1769 3c000a006f013a0000
1770 8801aa0075027a0100
1771 e9005f006d01e80000
1772 2c0264008603200200
1773 00
1774 00
1775 20
1776 25
1813 00
1814 0080008004
1824 00000000000000000000000000000000
1845 9cff200396002003fa00bc02fa00c2019cff6400d4fe6400a2fe6400a2fe6402d4fe8a02
1846 0b00ad01
2233 0b
2255 3200
2256 7b52
2259 00
2333 82000000ffff7c0000
2334 1c000000ffff100000
2342 c8320000
2343 38cdffff
2345 14
2346 14
2351 0000
2369 8004ac0e8607e800000049010000
2568 00
2569 c400
2570 0212
2571 7400
2573 0000
2575 0401
2578 02
2579 24ffa401
2581 c400
2582 0000
2590 00b4005000013200
2591 013c003c00003200
2592 e200a400
2602 94010000000000000301
2603 f401c201
2611 803e0000
2612 018a028a026400
2613 008a028a026400
2621 bf00
2627 3c00
2629 d20d0000
2630 c800e803
2631 2c01e803
2632 90012003
2633 e803f401f401e803fc01fc01
2634 00
2748 05
2749 05
2751 05
2752 00
2753 05
2777 1500fd01e8030300
2807 e9005f006d01e80000
2808 360175001302310100
2832 0000d002
2833 00
2834 0c50
2835 3200
2836 ef00
2837 f401
2838 c8005000
2839 50009600
2840 c409
2842 3400
2843 1f01
2844 0000
2845 da02
2847 130000006e070000
2848 ceff
2850 010303
2851 7800
2852 00
2874 3900
2875 3f00
2876 5a01
2877 b400
2878 3200
2881 00000000
2882 00000000
2883 e803
2884 4000
2885 1000
2886 b400
2887 b400
2888 0a00
2889 b4007800b400
2890 0000
2891 ad031e00ad03
2892 5802
2893 b400
2894 00
2895 000000be00
2896 04
2897 04
2908 02
2909 46004001
2910 5e01d002
2911 d002
2912 4204
2913 1e00
2914 6400d601
2915 b60a
2916 b803
2917 8900
2918 db01
2927 00
2928 0000
2929 05
2930 05
2931 05
2932 c6311900
2939 1400
2987 00
3000 00010000000100000000004f535f49646c6528290000000000000000000000000000000000000000000000000000000000000000000000000000000000000000000000000000000000000000000000000000000000000000000000000000000000000000000000000000000000000000000000
3001 76060000b6000000db000000900f090093660000345a00007051000001870000ff83000003e80000aeaf000076940000bdcc00007e5d0100718e00005e770000016200007f55000010500000261800002f0e0000940700000b0b0000540b0000c909000017060000a50200002f020000a90300007704000016010000a6000000c30000003c0200004c0000005200000039000000720000003d000000250000004000000047000000b8000000240e00000000000000000000000000000000000000000000
3002 00000000000000000000000000000000000000000000000000000000000000000000000000000000000000000000000000000000000000000000000000000000000000000000000000000000000000000000000000000000000000000000000000000000000000000000000000000000000000000000000000000000000000000000000000000000000000000000000000000000000000000000000000000000000000000000000000000000000000000000000000000000000000000000000000000000
3003 00000000000000000000000000000000000000000000000000000000000000000000000000000000000000000000000000000000000000000000000000000000000000000000000000000000000000000000000000000000000000000000000000000000000000000000000000000000000000000000000000000000000000000000000000000000000000000000000000000000000000000000000000000000000000000000000000000000000000000000000000000000000000000000000000000000
3004 00000000000000000000000000000000000000000000000000000000000000000000000000000000000000000000000000000000000000000000000000000000000000000000000000000000000000000000000000000000000000000000000000000000000000000000000000000000000000000000000000000000000000000000000000000000000000000000000000000000000000000000000000000000000000000000000000000000000000000000000000000000000000000000000000000000
3005 00000000000000000000000000000000000000000000000000000000000000000000000000000000000000000000000000000000000000000000000000000000000000000000000000000000000000000000000000000000000000000000000000000000000000000000000000000000000000000000000000000000000000000000000000000000000000000000000000000000000000000000000000000000000000000000000000000000000000000000000000000000000000000000000000000000
3006 00000000000000000000000000000000000000000000000000000000000000000000000000000000000000000000000000000000000000000000000000000000000000000000000000000000000000000000000000000000000000000000000000000000000000000000000000000000000000000000000000000000000000000000000000000000000000000000000000000000000000000000000000000000000000000000000000000000000000000000000000000000000000000000000000000000
3008 0400
3009 00000000
3067 6a1200000000000000
3109 270000004b190000
3113 270000004b190000
3114 130000006e070000
3115 d9000000da5a0000
3116 0000000000000000
3117 130000006e070000
3119 130000006e070000
3120 d9000000da5a0000
3129 0000000000000000
3191 0403b000e3d658653600028700e3d65865360003b000d2d758653600028700d2d758653600000000000000000000000000000000000000000000000000000000000000000000000000000000000000000000000000000000000000000000000000000000000000000000000000000000000000000000000000000000000000000000000000000000000000000000000000000000000000000000000000000000000000000000000000000000000000000000000000000000000000000000000000000000000000
